8
01000000
10100000
01010000
00101000
00010100
00001010
00000101
00000010
 
2147483647
1509221724
1697709372
1192969644
500781177
72610994
2055376433
1553891535
1509221724
2147483647
1772637701
320656905
1955320076
1905889311
66071644
157544235
1697709372
1772637701
2147483647
285766378
869006550
458951747
707531609
1675161611
1192969644
320656905
285766378
2147483647
352239475
439425117
2047374856
1802621206
500781177
1955320076
869006550
352239475
2147483647
101071158
1820962245
1680119967
72610994
1905889311
458951747
439425117
101071158
2147483647
243367477
840453345
2055376433
66071644
707531609
2047374856
1820962245
243367477
2147483647
1341074458
1553891535
157544235
1675161611
1802621206
1680119967
840453345
1341074458
2147483647