32
0
01000000000000000000000000000000
10100000000000000000000000000000
01010000000000000000000000000000
00101000000000000000000000000000
00010100000000000000000000000000
00001010000000000000000000000000
00000101000000000000000000000000
00000010100000000000000000000000
00000001010000000000000000000000
00000000101000000000000000000000
00000000010100000000000000000000
00000000001010000000000000000000
00000000000101000000000000000000
00000000000010100000000000000000
00000000000001010000000000000000
00000000000000101000000000000000
00000000000000010100000000000000
00000000000000001010000000000000
00000000000000000101000000000000
00000000000000000010100000000000
00000000000000000001010000000000
00000000000000000000101000000000
00000000000000000000010100000000
00000000000000000000001010000000
00000000000000000000000101000000
00000000000000000000000010100000
00000000000000000000000001010000
00000000000000000000000000101000
00000000000000000000000000010100
00000000000000000000000000001010
00000000000000000000000000000101
00000000000000000000000000000010
 
0
0
1
2
3
4
5
6
7
8
9
10
11
12
13
14
15
16
17
18
19
20
21
22
23
24
25
26
27
28
29
30
