32
01011000000101000101001000001011
10100100001100001101111111111100
01011010001010001100011011000000
10101011111111111110010001000000
10110110000100011001001100000010
01001010000100100110100011001000
00111100001000000101011010011001
00010000010100001010000111000100
00010000000000101000000001011000
00010001000110000000010010100000
01110010000001111000000101000000
11011101010000000000000100010000
00110000010001000011000100100000
10010000001010010011000000000000
00010100101000001100010011001001
00011000001001001000100000010000
01111001101000110000011001000000
11110110000000100000000011000010
00010101000011000001010100011000
11001010000011000010010000011000
01000100000000010000000011110000
01110010010000101011000010000010
11101010000000001000000000000100
01001001001110000010000000011000
01100111010000100100110000101011
01110101101000101100100000010100
01000000010010000000100010000011
01000010100100010011100101000000
11000110100000100011000110000010
01000001000000000000001001000000
10001000000000000100010010101001
10000010000000100000000010100010
 
11000100010101111000011011101001
 
0
11
16