64
3
0001011111001101111110000110010101000100011111100101100011000100
0011101100001011010010111000110110001111000100001100111110011110
0101100010111011101111010010101100011111110100101000011100010101
1110001110100100000101010100011101110111000000100010100100110110
0110010111101110100101010000101110011111101100111100101000011010
1000101000110001000000011111111000001111101010100111001001100011
1101010101111011111000001000010001001001101000011101011100011001
1101101011000001001101110010011111101010010110000011001001001101
1011100100110100100101110001000101011110000110111010011111011001
1000101100011101010110001111101011000101011011111101001111010000
0011111010010000011000101011000000110001100111000111100101011110
0010011011101000000110100011110111001000100011101101101001011011
1110101001010000111011101000010010110101110001010101101101001011
1001100011000011101110100111111110111101100111110110101101010110
0110101000000100011111100110000010100010011110001101001110011110
1110011101000100000101011100101001101000111000100110110101111010
1010101010001100001011110001011101110111001001001001110110111101
1100001001101010000110101010001111101000011011000111101001100010
1010001100101110100000110101100111011001001001100011100000011010
1011100111010111010000011110100010011010110011001010010110000101
1110000001011110110001101110011010000001101010011111101110010110
0011100110001011100010101111101001101011000111011110011101100010
0100000110111110111011011100011001011110100010101010000100000010
0111110110000001101100101110010101010101101001100110101101001101
0100011001101001010111110101001001110110111101100001100000110110
1001010001000111001111111000110000111110101011011110001110000010
1010010101110110010111010001000010100000100111101100001001100011
0000010011110100101001001010111110110101010011111111111100000111
0110110001010101001101000101011000100110110011000100010101010110
1101011100011100100010110101100000110000111001010000100010110110
0011110101000101110011101001100010110100110001110011111110000100
1111100110010100111000010001000000011001101101000011010010011011
0100100101011110011110000011001000111000011011001011111110100000
1001001111010001111001111000000000000110000010010110101011011010
0001000100101111110001001111111010011100001001100101111100000100
0011100010101100101100111101011110101001100101010101101110110010
0110111110010101011101100100000110110111100110010010010000011110
1111110011001100100000111101101001101001000000010100111110001010
0111110110000010100101101100100001001001111110110111000110011110
0111111001101100101011010001000100011110111010100111010111011100
0010111000111101000110111110111100011011001100111000111111010011
1010000101001011010100001001111010000011000001100100101010011011
1000111001000011111010011100010110100011100100000101001011010000
1110100110100110000001001010000100011010101011100011001000101010
1000010111110110010111100111100011001011000100101000101011110001
1000000001111100111101011111111110110000010100111110101101110111
1011110011010101001000111011001000100011110111011000010010100001
0000101011001100000011000101011001011110100001101001011100011001
0110101011010010100111100111000010000000100011110001111111110011
1100111001111111010011010111100001110111011001000011011010011011
0001010110100101011111110101001111001011000101000100110101100111
1000011101111010111010001001001110110011001100011100000000001110
1101100000111101111010011001011011110100110011001010011010001001
0110001010000001100101000001101110101101100000111110101000100111
0110111111011110010011010111001011110100111111011100110000000000
0111001011101111100111110101101010110111100001011010000010110110
1100000011000010100110000100011111010111111010101100100100100100
1000010111111101010001010010100001000001101011001010000000101001
0001010000000001110001001010010010010000000111101010010111011111
0111101011110111101010001000110101011011111011011100000100100101
0100101110111011101000010000000101001111010100010101100001100010
1111000100100110100110011001111000101011000001000011010110110001
0101110000111111011011101111110101011110110101001111010100101000
0010011110011000100100010011000100000000110011111110110001110100
 
51
5
21
47
54
28
43
31
63
6
35
26
1
50
57
2
14
61
32
34
39
18
48
24
9
15
37
40
52
8
7
33
11
59
23
53
49
10
64
3
41
56
44
55
17
4
38
58
45
16
22
19
29
13
20
36
27
12
46
62
42
60
25
30