64
0111111111111111111111111111111111111111111111111111111111111111
1011111111111111111111111111111111111111111111111111111111111111
1101111111111111111111111111111111111111111111111111111111111111
1110111111111111111111111111111111111111111111111111111111111111
1111011111111111111111111111111111111111111111111111111111111111
1111101111111111111111111111111111111111111111111111111111111111
1111110111111111111111111111111111111111111111111111111111111111
1111111011111111111111111111111111111111111111111111111111111111
1111111101111111111111111111111111111111111111111111111111111111
1111111110111111111111111111111111111111111111111111111111111111
1111111111011111111111111111111111111111111111111111111111111111
1111111111101111111111111111111111111111111111111111111111111111
1111111111110111111111111111111111111111111111111111111111111111
1111111111111011111111111111111111111111111111111111111111111111
1111111111111101111111111111111111111111111111111111111111111111
1111111111111110111111111111111111111111111111111111111111111111
1111111111111111011111111111111111111111111111111111111111111111
1111111111111111101111111111111111111111111111111111111111111111
1111111111111111110111111111111111111111111111111111111111111111
1111111111111111111011111111111111111111111111111111111111111111
1111111111111111111101111111111111111111111111111111111111111111
1111111111111111111110111111111111111111111111111111111111111111
1111111111111111111111011111111111111111111111111111111111111111
1111111111111111111111101111111111111111111111111111111111111111
1111111111111111111111110111111111111111111111111111111111111111
1111111111111111111111111011111111111111111111111111111111111111
1111111111111111111111111101111111111111111111111111111111111111
1111111111111111111111111110111111111111111111111111111111111111
1111111111111111111111111111011111111111111111111111111111111111
1111111111111111111111111111101111111111111111111111111111111111
1111111111111111111111111111110111111111111111111111111111111111
1111111111111111111111111111111011111111111111111111111111111111
1111111111111111111111111111111101111111111111111111111111111111
1111111111111111111111111111111110111111111111111111111111111111
1111111111111111111111111111111111011111111111111111111111111111
1111111111111111111111111111111111101111111111111111111111111111
1111111111111111111111111111111111110111111111111111111111111111
1111111111111111111111111111111111111011111111111111111111111111
1111111111111111111111111111111111111101111111111111111111111111
1111111111111111111111111111111111111110111111111111111111111111
1111111111111111111111111111111111111111011111111111111111111111
1111111111111111111111111111111111111111101111111111111111111111
1111111111111111111111111111111111111111110111111111111111111111
1111111111111111111111111111111111111111111011111111111111111111
1111111111111111111111111111111111111111111101111111111111111111
1111111111111111111111111111111111111111111110111111111111111111
1111111111111111111111111111111111111111111111011111111111111111
1111111111111111111111111111111111111111111111101111111111111111
1111111111111111111111111111111111111111111111110111111111111111
1111111111111111111111111111111111111111111111111011111111111111
1111111111111111111111111111111111111111111111111101111111111111
1111111111111111111111111111111111111111111111111110111111111111
1111111111111111111111111111111111111111111111111111011111111111
1111111111111111111111111111111111111111111111111111101111111111
1111111111111111111111111111111111111111111111111111110111111111
1111111111111111111111111111111111111111111111111111111011111111
1111111111111111111111111111111111111111111111111111111101111111
1111111111111111111111111111111111111111111111111111111110111111
1111111111111111111111111111111111111111111111111111111111011111
1111111111111111111111111111111111111111111111111111111111101111
1111111111111111111111111111111111111111111111111111111111110111
1111111111111111111111111111111111111111111111111111111111111011
1111111111111111111111111111111111111111111111111111111111111101
1111111111111111111111111111111111111111111111111111111111111110
 
2147483647
285
208
848
1058
997
459
440
515
863
668
1107
663
910
1087
334
66
1069
396
631
659
300
539
1237
622
735
314
735
861
1212
785
847
1277
711
1247
154
398
1172
341
774
411
1264
791
864
976
549
91
593
226
224
418
595
1185
953
155
845
801
855
799
192
783
55
1103
1188
285
2147483647
612
821
93
858
1228
332
471
293
394
556
367
665
793
607
857
1145
1095
108
776
720
957
183
1226
545
291
126
1276
180
230
246
733
261
671
1164
1033
848
25
1087
396
577
758
801
408
958
1016
246
476
734
480
238
890
492
509
901
925
412
1099
897
1196
87
317
787
208
612
2147483647
233
490
519
1118
727
1243
904
289
863
680
436
1186
883
618
194
1028
759
1109
1230
1231
330
666
874
805
872
614
474
267
951
1021
482
987
100
1273
581
718
113
167
724
431
1111
1160
552
420
586
492
1270
543
549
434
6
234
747
1060
1223
855
239
1016
906
142
1178
848
821
233
2147483647
331
15
238
1100
165
920
876
533
894
561
961
211
317
639
42
5
733
101
616
1202
882
995
85
1178
80
531
24
641
976
583
509
925
952
326
237
807
318
429
383
519
1200
1130
1201
929
1212
348
319
453
336
270
1174
699
294
154
876
884
230
930
247
980
1058
93
490
331
2147483647
810
1221
945
838
727
420
547
290
1158
998
1079
842
1047
1214
49
410
152
189
631
152
214
690
810
160
889
164
598
53
976
1266
1231
1132
57
915
162
379
286
881
813
104
932
233
211
469
494
1126
86
1008
257
802
203
895
588
262
812
785
1230
161
150
997
858
519
15
810
2147483647
40
810
753
1131
1036
1053
332
617
24
1254
438
297
416
583
886
485
457
382
411
161
533
1063
650
856
643
824
566
73
345
32
1016
105
1159
513
516
747
945
276
637
1010
1233
1059
301
96
383
1066
732
960
1239
271
836
1111
1021
136
935
336
328
275
459
1228
1118
238
1221
40
2147483647
483
1120
77
731
1253
1061
649
9
468
83
989
655
632
1082
666
5
16
1222
116
1005
1232
98
532
736
783
1265
854
988
8
239
23
946
1091
942
434
1173
920
949
783
965
728
58
96
1122
784
712
881
597
626
755
1186
609
474
320
892
592
499
440
332
727
1100
945
810
483
2147483647
251
646
103
182
1
987
631
1058
89
76
589
412
321
1207
61
538
268
183
417
668
935
899
105
858
189
238
343
1038
128
641
1229
617
13
1212
845
1178
883
115
389
2
344
589
780
1276
577
96
180
1232
884
752
133
191
643
590
844
305
515
471
1243
165
838
753
1120
251
2147483647
18
700
220
540
514
863
440
212
328
242
165
880
665
1247
1278
68
94
880
1218
463
569
1195
553
229
44
847
728
1024
351
1013
954
1197
132
586
372
283
1249
368
1149
1223
498
124
1232
1100
689
786
326
591
891
37
652
144
920
211
182
863
293
904
920
727
1131
77
646
18
2147483647
1222
802
591
45
389
1233
236
575
1088
1123
902
555
32
1232
638
675
933
785
1144
932
295
760
755
1184
1277
565
890
976
70
363
893
1182
74
376
456
55
643
459
919
566
1094
488
332
1140
769
255
967
1268
808
946
856
756
696
237
668
394
289
876
420
1036
731
103
700
1222
2147483647
183
472
606
521
301
593
691
643
482
192
656
1261
632
684
348
856
386
954
1123
61
273
1164
104
1197
464
446
732
415
1236
259
439
348
1276
1126
745
14
1017
1188
629
622
1011
175
290
403
208
70
470
1246
1050
1207
649
11
1156
1107
556
863
533
547
1053
1253
182
220
802
183
2147483647
646
1278
169
1233
664
256
940
193
1230
298
98
471
575
914
57
897
661
1163
1059
185
1174
1158
551
300
836
523
415
142
1194
989
519
519
828
308
1142
448
1250
284
180
654
154
1010
1008
456
703
262
276
1069
1266
1108
702
1269
663
367
680
894
290
332
1061
1
540
591
472
646
2147483647
211
180
722
1188
1127
1020
376
279
1187
1215
1181
7
277
1186
1205
832
1149
421
87
1080
343
518
722
827
1274
829
99
188
1128
282
270
960
1194
515
272
1133
1247
81
1271
1208
474
210
854
53
110
609
32
1025
847
937
1176
910
665
436
561
1158
617
649
987
514
45
606
1278
211
2147483647
317
795
886
930
57
1127
694
935
1026
673
993
415
155
1276
1135
1204
475
1062
1184
1242
243
556
6
763
658
883
456
585
429
1240
364
1189
1254
1009
855
309
656
101
732
12
340
1134
246
249
1148
118
667
1146
978
471
1087
793
1186
961
998
24
9
631
863
389
521
169
180
317
2147483647
1125
1106
1080
1002
431
863
7
400
1162
1007
205
190
1137
448
520
765
335
1072
157
703
267
792
870
653
171
1229
109
853
794
825
448
216
1167
288
490
56
916
630
4
424
424
997
1134
1077
650
1125
805
185
283
334
607
883
211
1079
1254
468
1058
440
1233
301
1233
722
795
1125
2147483647
1259
120
182
415
1128
262
267
242
989
969
770
900
310
782
544
315
120
226
751
1031
575
1259
1168
783
229
1131
242
256
846
860
427
1144
838
686
1130
407
396
678
1038
429
373
1113
862
775
55
79
93
988
66
857
618
317
842
438
83
89
212
236
593
664
1188
886
1106
1259
2147483647
366
175
1169
1246
774
1147
353
1261
1176
847
799
1041
1163
263
342
1166
503
604
822
978
1070
451
804
163
226
365
1017
1130
1002
609
1229
932
426
189
118
368
791
788
155
316
348
746
615
145
805
338
996
1069
1145
194
639
1047
297
989
76
328
575
691
256
1127
930
1080
120
366
2147483647
655
22
1128
968
38
990
426
1185
606
162
453
1157
272
201
843
22
107
190
273
833
377
194
1220
616
64
755
287
436
910
872
709
126
92
1132
687
997
214
480
843
1139
509
182
297
1009
497
400
396
1095
1028
42
1214
416
655
589
242
1088
643
940
1020
57
1002
182
175
655
2147483647
749
718
220
637
875
336
390
46
205
1248
1172
0
356
374
926
244
886
40
33
371
447
774
13
638
415
541
775
1020
473
401
1076
294
508
731
1205
1045
873
42
1213
116
1271
478
323
329
1086
631
108
759
5
49
583
632
412
165
1123
482
193
376
1127
431
415
1169
22
749
2147483647
810
1269
397
1054
371
1007
148
693
901
298
43
931
552
45
497
838
949
954
261
391
930
433
162
517
1185
268
79
356
876
764
441
442
1065
299
1063
544
111
787
146
350
235
387
598
184
659
776
1109
733
410
886
1082
321
880
902
192
1230
279
694
863
1128
1246
1128
718
810
2147483647
483
940
1050
458
223
988
885
340
40
161
43
140
508
14
481
558
715
660
350
415
703
226
801
286
484
990
664
778
1255
714
501
859
1156
890
934
38
905
1209
617
81
632
707
514
300
720
1230
101
152
485
666
1207
665
555
656
298
1187
935
7
262
774
968
220
1269
483
2147483647
443
276
804
672
78
1080
968
1069
852
612
1076
1245
639
825
17
459
342
983
972
1242
185
185
1067
487
8
1205
641
528
1257
25
904
1066
173
489
210
71
854
574
1251
109
320
1216
539
957
1231
616
189
457
5
61
1247
32
1261
98
1215
1026
400
267
1147
38
637
397
940
443
2147483647
336
75
587
450
97
546
302
95
425
915
1253
693
337
206
31
1085
1014
674
238
345
46
598
351
385
942
1200
1195
661
1043
523
17
1093
579
153
1098
676
631
192
1184
722
736
1237
183
330
1202
631
382
16
538
1278
1232
632
471
1181
673
1162
242
353
990
875
1054
1050
276
336
2147483647
66
371
302
847
952
186
839
522
968
1102
1247
51
276
238
683
164
1100
788
613
58
958
1242
350
1037
374
751
182
441
772
1215
1073
462
231
937
1199
347
396
353
831
161
622
1226
666
882
152
411
1222
268
68
638
684
575
7
993
1007
989
1261
426
336
371
458
804
75
66
2147483647
562
1195
1134
616
754
799
434
334
849
693
449
1145
614
439
86
32
248
591
465
158
11
355
968
682
255
402
1089
669
1117
853
392
740
568
825
161
910
53
576
865
735
545
874
995
214
161
116
183
94
675
348
914
277
415
205
969
1176
1185
390
1007
223
672
587
371
562
2147483647
192
787
426
299
688
628
1040
75
1252
744
300
167
1255
843
448
465
154
626
465
678
1203
787
316
376
490
953
1261
351
958
1261
693
167
1239
361
1215
604
1041
125
314
291
805
85
690
533
1005
417
880
933
856
57
1186
155
190
770
847
606
46
148
988
78
450
302
1195
192
2147483647
908
715
131
441
1169
470
769
545
800
264
192
731
569
1224
137
727
465
413
262
880
598
1032
603
151
727
389
90
33
198
679
1113
1079
868
601
937
485
448
735
126
872
1178
810
1063
1232
668
1218
785
386
897
1205
1276
1137
900
799
162
205
693
885
1080
97
847
1134
787
908
2147483647
821
1268
921
307
822
870
548
1265
1189
307
540
566
1017
848
1104
83
317
1265
1039
286
1173
356
1221
295
869
20
39
1
22
419
1043
180
126
297
769
329
861
1276
614
80
160
650
98
935
463
1144
954
661
832
1135
448
310
1041
453
1248
901
340
968
546
952
616
426
715
821
2147483647
860
1196
907
184
575
325
793
729
789
139
1249
1241
970
770
693
1124
1152
396
398
975
272
582
281
840
821
392
1013
1057
1102
514
132
319
454
761
101
1212
180
474
531
889
856
532
899
569
932
1123
1163
1149
1204
520
782
1163
1157
1172
298
40
1069
302
186
754
299
131
1268
860
2147483647
672
789
250
1127
843
657
386
1275
781
1071
175
227
586
510
602
809
1080
655
288
419
359
718
1271
795
999
1024
867
160
1037
482
76
758
732
490
785
230
267
24
164
643
736
105
1195
295
61
1059
421
475
765
544
263
272
0
43
161
852
95
839
799
688
441
921
1196
672
2147483647
930
1101
645
866
251
1132
765
886
48
1087
37
627
538
612
733
452
773
539
360
1210
57
540
1
958
282
924
18
926
1012
101
1034
763
1119
847
246
951
641
598
824
783
858
553
760
273
185
87
1062
335
315
342
201
356
931
43
612
425
522
434
628
1169
307
907
789
930
2147483647
258
886
1229
712
1263
1269
811
362
796
1243
740
171
1241
341
734
84
137
79
4
820
1062
593
1237
595
110
636
418
59
1187
1194
1119
877
1277
733
1021
976
53
566
1265
189
229
755
1164
1174
1080
1184
1072
120
1166
843
374
552
140
1076
915
968
334
1040
470
822
184
250
1101
258
2147483647
351
943
626
186
710
588
683
759
370
1059
907
170
296
751
255
761
97
75
660
306
464
651
1043
248
133
960
690
919
441
465
1003
711
261
482
583
976
73
854
238
44
1184
104
1158
343
1242
157
226
503
22
926
45
508
1245
1253
1102
849
75
769
870
575
1127
645
886
351
2147483647
90
792
276
86
801
401
542
61
1233
1079
443
144
167
340
477
212
1072
559
1209
1234
1236
492
349
975
509
136
483
1235
982
250
1247
671
987
509
1266
345
988
343
847
1277
1197
551
518
243
703
751
604
107
244
497
14
639
693
1247
693
1252
545
548
325
843
866
1229
943
90
2147483647
914
721
594
445
1183
996
291
348
218
1079
788
126
245
162
1051
771
916
1051
1043
822
1237
1170
81
1271
1142
500
980
269
668
154
1164
100
925
1231
32
8
1038
728
565
464
300
722
556
267
1031
822
190
886
838
481
825
337
51
449
744
800
1265
793
657
251
712
626
792
914
2147483647
680
1275
460
272
993
1125
91
372
301
836
821
658
691
1275
1111
1192
814
559
322
637
625
927
399
144
658
293
295
1127
398
1033
1273
952
1132
1016
239
128
1024
890
446
836
827
6
792
575
978
273
40
949
558
17
206
276
1145
300
264
1189
729
386
1132
1263
186
276
721
680
2147483647
1084
948
35
622
391
565
870
1190
361
381
191
1262
128
894
50
225
669
908
1253
199
329
50
952
187
239
825
889
1172
848
581
326
57
105
23
641
351
976
732
523
1274
763
870
1259
1070
833
33
954
715
459
31
238
614
167
192
307
789
1275
765
1269
710
86
594
1275
1084
2147483647
1005
542
1015
1270
304
1139
484
17
815
257
338
944
254
1099
1099
976
1154
80
669
564
508
363
364
662
45
850
341
25
718
237
915
1159
946
1229
1013
70
415
415
829
658
653
1168
451
377
371
261
660
342
1085
683
439
1255
731
540
139
781
886
811
588
801
445
460
948
1005
2147483647
348
599
488
970
125
830
884
1236
287
498
1165
762
714
1155
579
916
1148
413
777
1252
43
618
330
835
493
774
1087
113
807
162
513
1091
617
954
363
1236
142
99
883
171
783
804
194
447
391
350
983
1014
164
86
843
569
566
1249
1071
48
362
683
401
1183
272
35
542
348
2147483647
553
1153
405
9
14
440
1206
1041
1240
111
1041
747
391
580
953
1101
813
657
714
1271
886
848
1011
480
411
396
167
318
379
516
942
13
1197
893
259
1194
188
456
1229
229
163
1220
774
930
415
972
674
1100
32
448
1224
1017
1241
175
1087
796
759
542
996
993
622
1015
599
553
2147483647
1011
699
415
1236
1154
768
76
999
507
408
381
1187
211
431
591
27
562
1102
384
910
892
59
7
1264
577
724
429
286
747
434
1212
132
1182
439
989
1128
585
109
1131
226
616
13
433
703
1242
238
788
248
465
137
848
970
227
37
1243
370
61
291
1125
391
1270
488
1153
1011
2147483647
859
37
421
585
1146
310
980
375
1063
142
370
322
846
997
1187
287
814
499
714
967
990
77
791
758
431
383
881
945
1173
845
586
74
348
519
282
429
853
242
365
64
638
162
226
185
345
613
591
154
727
1104
770
586
627
740
1059
1233
348
91
565
304
970
405
699
859
2147483647
1025
479
328
905
917
1146
238
735
1277
623
144
1001
666
773
85
119
447
1185
1097
452
828
864
801
1111
519
813
276
920
1178
372
376
1276
519
270
1240
794
256
1017
755
415
517
801
185
46
58
465
626
465
83
693
510
538
171
907
1079
218
372
870
1139
125
9
415
37
1025
2147483647
388
521
552
1205
884
237
59
64
29
1117
886
1206
340
814
1030
68
646
118
924
932
976
408
1160
1200
104
637
949
883
283
456
1126
828
960
364
825
846
1130
287
541
1185
286
1067
598
958
158
465
413
317
1124
602
612
1241
170
443
1079
301
1190
484
830
14
1236
421
479
388
2147483647
388
1220
996
491
1207
173
91
699
1062
1142
453
1227
287
386
86
167
34
1171
612
549
958
552
1130
932
1010
783
115
1249
55
745
308
1194
1189
448
860
1002
436
775
268
484
487
351
1242
11
678
262
1265
1152
809
733
341
296
144
788
836
361
17
884
440
1154
585
328
521
388
2147483647
419
46
797
845
1021
988
237
879
1209
220
797
326
921
289
1252
1215
308
25
91
1016
420
1201
233
1233
965
389
368
643
14
1142
515
1254
216
427
609
910
1020
79
990
8
385
350
355
1203
880
1039
396
1080
452
734
751
167
126
821
381
815
1236
1206
768
1146
905
552
1220
419
2147483647
383
105
626
1274
231
921
147
379
886
430
797
585
99
809
1105
684
348
593
246
586
929
211
1059
728
2
1149
459
1017
448
272
1009
1167
1144
1229
872
473
356
664
1205
942
1037
968
787
598
286
398
655
773
84
255
340
245
658
191
257
287
1041
76
310
917
1205
996
46
383
2147483647
952
148
133
1042
789
1027
1002
769
764
524
614
499
1052
699
573
910
226
476
492
1212
469
301
58
344
1223
919
1188
1250
1133
855
288
838
932
709
401
876
778
641
1200
374
682
316
1032
1173
975
288
539
137
761
477
162
691
1262
338
498
1240
999
980
1146
884
491
797
105
952
2147483647
240
719
243
949
1062
316
1172
544
1003
1046
919
356
869
760
1095
224
734
1270
348
494
96
96
589
498
566
629
284
1247
309
490
686
426
126
1076
764
1255
528
1195
751
255
376
603
356
272
419
360
79
97
212
1051
1275
128
944
1165
111
507
375
238
237
1207
845
626
148
240
2147483647
197
570
351
4
443
355
1073
1016
997
492
849
700
1246
254
418
480
543
319
1126
383
1122
780
124
1094
622
180
81
656
56
1130
189
92
294
441
714
1257
661
182
402
490
151
1221
582
359
1210
4
75
1072
771
1111
894
254
762
1041
408
1063
735
59
173
1021
1274
133
719
197
2147483647
1239
501
615
541
1139
1177
1121
682
392
943
308
795
806
595
238
549
453
86
1066
784
1276
1232
488
1011
654
1271
101
916
407
118
1132
508
442
501
25
1043
441
1089
953
727
295
281
718
57
820
660
559
916
1192
50
1099
714
747
381
142
1277
64
91
988
231
1042
243
570
1239
2147483647
967
32
171
34
751
508
707
1108
885
893
735
162
1185
890
434
336
1008
732
712
577
1100
332
175
154
1208
732
630
396
368
687
731
1065
859
904
523
772
669
1261
389
869
840
1271
540
1062
306
1209
1051
814
225
1099
1155
391
1187
370
623
29
699
237
921
789
949
351
501
967
2147483647
1077
1244
973
561
207
1197
760
536
1099
1144
755
953
492
6
270
257
960
881
96
689
1140
290
1010
474
12
4
678
791
997
1205
299
1156
1066
17
1215
1117
351
90
20
821
795
1
593
464
1234
1043
559
669
976
579
580
211
322
144
1117
1062
879
147
1027
1062
4
615
32
1077
2147483647
960
71
619
364
690
205
159
20
427
1215
155
509
234
1174
802
1239
597
180
786
769
403
1008
210
340
424
1038
788
214
1045
1063
890
173
1093
1073
853
958
33
39
392
999
958
1237
651
1236
822
322
908
1154
916
953
431
846
1001
886
1142
1209
379
1002
316
443
541
171
1244
960
2147483647
521
387
549
754
313
891
345
874
820
845
901
747
699
203
271
626
1232
326
255
208
456
854
1134
424
429
155
480
873
544
934
489
579
462
392
1261
198
1
1013
1024
282
595
1043
492
1237
637
1253
80
1148
1101
591
997
666
1206
453
220
886
769
1172
355
1139
34
973
71
521
2147483647
688
687
924
483
516
1239
966
1081
801
925
1060
294
895
836
755
884
591
967
70
703
53
246
997
373
316
843
42
111
38
210
153
231
740
693
679
22
1057
867
924
110
248
349
1170
625
199
669
413
813
27
1187
773
340
1227
797
430
764
544
1073
1177
751
561
619
387
688
2147483647
852
747
1136
351
690
513
389
855
412
1223
154
588
1111
1186
752
891
1268
470
262
110
249
1134
1113
348
1139
1213
787
905
71
1098
937
568
167
1113
419
1102
160
18
636
133
975
81
927
329
564
777
657
562
287
85
814
287
326
797
524
1003
1016
1121
508
207
364
549
687
852
2147483647
406
87
64
135
740
281
799
1099
855
876
262
1021
609
133
37
808
1246
276
609
1148
1077
862
746
509
116
146
1209
854
676
1199
825
1239
1079
1043
514
1037
926
418
960
509
1271
399
50
508
1252
714
1102
814
119
1030
386
921
585
614
1046
997
682
707
1197
690
754
924
747
406
2147483647
789
787
429
633
1081
192
897
239
884
812
136
474
191
652
946
1050
1069
32
118
650
775
615
182
1271
350
617
574
631
347
161
361
868
180
132
482
1012
59
690
136
1142
144
952
363
43
1271
384
499
447
68
86
289
99
499
919
492
392
1108
760
205
313
483
1136
87
789
2147483647
1139
831
87
855
783
1196
1016
230
785
935
320
643
144
856
1207
1266
1025
667
1125
55
145
297
478
235
81
1251
192
396
910
1215
601
126
319
76
101
1187
919
483
500
658
187
364
618
886
910
714
1185
646
167
1252
809
1052
356
849
943
885
536
159
891
516
351
64
787
1139
2147483647
77
764
1245
55
87
906
930
1230
336
892
590
920
756
649
1108
847
1146
805
79
805
1009
323
387
632
109
1184
353
53
604
937
297
454
758
1034
1194
441
1235
980
293
239
662
330
848
892
967
1097
118
34
1215
1105
699
869
700
308
893
1099
20
345
1239
690
135
429
831
77
2147483647
70
360
1103
317
142
247
161
328
592
844
211
696
11
702
937
978
185
93
338
497
329
598
707
320
722
831
576
1041
485
769
761
732
763
1119
465
982
269
295
825
45
835
1011
59
990
452
924
1171
308
684
573
760
1246
795
735
1144
427
874
966
513
740
633
87
764
70
2147483647
508
1188
787
1178
980
150
275
499
305
182
237
1156
1269
1176
471
283
988
996
400
1086
184
514
1216
736
161
865
125
448
329
101
490
1119
877
1003
250
668
1127
889
850
493
480
7
77
828
932
612
25
348
910
1095
254
806
162
755
1215
820
1081
389
281
1081
855
1245
360
508
2147483647